% Loads a set of points and lines describing a network.

points = [
    50 50;
    80 101;
    73 199;
    109 104;
    127 98;
    135 110;
    129 45;
    140 114;
    146 108;
    148 120;
    160 89;
    160 136;
    165 130;
    169 145;
    161 74;
    ];

lines = [
    1 2;
    2 3;
    2 4;
    4 5;
    4 6;
    5 6;
    5 7;
    6 8;
    8 9;
    8 10;
    9 10;
    9 11;
    10 12;
    12 13;
    12 14;
    13 14;
    13 11;
    11 15;
    ];